10 to 14	7645
100 to 104	923181
105 to 109	917333
110 to 114	959870
115 to 119	1023777
120 to 124	1076193
125 to 129	1181781
130 to 134	1337609
135 to 139	2021925
140 to 144	7290313
145 to 149	124537
15 to 19	26024
150 to 154	15304
155 to 159	2953
160 to 164	1795
165 to 169	761
170 to 174	511
175 to 179	837
180 to 184	422
185 to 189	212
190 to 194	651
195 to 199	246
20 to 24	73461
200 to 204	94
205 to 209	71
210 to 214	121
215 to 219	74
220 to 224	66
225 to 229	56
230 to 234	37
235 to 239	36
240 to 244	43
245 to 249	65
25 to 29	181833
250 to 254	44
255 to 259	91
260 to 264	67
265 to 269	28
270 to 274	5
30 to 34	309019
35 to 39	345659
40 to 44	386889
45 to 49	428841
5 to 9	11200
50 to 54	481598
55 to 59	497100
60 to 64	587357
65 to 69	610618
70 to 74	709109
75 to 79	683743
80 to 84	746501
85 to 89	806405
90 to 94	875538
95 to 99	918900
