100 to 104	192557
11 to 15	7398
110 to 114	199258
111 to 115	760612
120 to 124	211137
121 to 125	865056
130 to 134	251655
131 to 135	1085954
140 to 144	6411788
141 to 145	878525
150 to 154	5097
151 to 155	10207
16 to 20	23178
161 to 165	1073
165 to 169	172
171 to 175	326
175 to 179	34
176 to 180	803
185 to 189	33
186 to 190	179
195 to 199	42
196 to 200	204
206 to 210	56
21 to 25	64713
216 to 220	55
26 to 30	163322
270 to 274	1
30 to 34	58770
31 to 35	250249
35 to 39	64161
36 to 40	281498
40 to 44	75057
41 to 45	311832
45 to 49	79327
46 to 50	349514
50 to 54	98495
55 to 59	97356
6 to 10	11200
60 to 64	119678
65 to 69	145191
70 to 74	128227
75 to 79	128767
